0 0
0.0002 4184
0.0004 8375
0.0006 12497
0.0008 16466
0.001 20196
0.0012 23599
0.0014 26586
0.0016 29071
0.0018 30973
0.002 32220
0.0022 32751
0.0024 32517
0.0026 31489
0.0028 29657
0.003 27031
0.0032 23648
0.0034 19568
0.0036 14879
0.0038 9693
0.004 4147
0.0042 -1601
0.0044 -7376
0.0046 -12990
0.0048 -18247
0.005 -22950
0.0052 -26912
0.0054 -29959
0.0056 -31945
0.0058 -32752
0.006 -32306
0.0062 -30579
0.0064 -27595
0.0066 -23433
0.0068 -18230
0.007 -12177
0.0072 -5515
0.0074 1469
0.0076 8463
0.0078 15132
0.008 21139
0.0082 26163
0.0084 29917
0.0086 32166
0.0088 32742
0.009 31561
0.0092 28636
0.0094 24076
0.0096 18096
0.0098 11002
0.01 3186
0.0102 -4898
0.0104 -12755
0.0106 -19884
0.0108 -25802
0.011 -30088
0.0112 -32409
0.0114 -32554
0.0116 -30452
0.0118 -26190
0.012 -20017
0.0122 -12333
0.0124 -3669
0.0126 5345
0.0128 14025
0.013 21684
0.0132 27685
0.0134 31502
0.0136 32765
0.0138 31306
0.014 27181
0.0142 20682
0.0144 12322
0.0146 2800
0.0148 -7047
0.015 -16324
0.0152 -24149
0.0154 -29747
0.0156 -32528
0.0158 -32155
0.016 -28594
0.0162 -22131
0.0164 -13363
0.0166 -3149
0.0168 7469
0.017 17365
0.0172 25453
0.0174 30804
0.0176 32764
0.0178 31040
0.018 25751
0.0182 17439
0.0184 7019
0.0186 -4306
0.0188 -15186
0.019 -24277
0.0192 -30411
0.0194 -32757
0.0196 -30941
0.0198 -25115
0.02 -15965
0.0202 -4641
0.0204 7376
0.0206 18465
0.0208 27077
0.021 31964
0.0212 32364
0.0214 28136
0.0216 19808
0.0218 8527
0.022 -4086
0.0222 -16159
0.0224 -25845
0.0226 -31609
0.0228 -32484
0.023 -28245
0.0232 -19479
0.0234 -7521
0.0236 5730
0.0238 18110
0.024 27532
0.0242 32356
0.0244 31678
0.0246 25523
0.0248 14875
0.025 1543
0.0252 -12135
0.0254 -23693
0.0256 -30985
0.0258 -32595
0.026 -28130
0.0262 -18335
0.0264 -4995
0.0266 9374
0.0268 21991
0.027 30343
0.0272 32701
0.0274 28499
0.0276 18489
0.0278 4637
0.028 -10242
0.0282 -23050
0.0284 -31042
0.0286 -32440
0.0288 -26843
0.029 -15369
0.0292 -457
0.0294 14625
0.0296 26494
0.0298 32410
0.03 30933
0.0302 22298
0.0304 8419
0.0306 -7505
0.0308 -21715
0.031 -30773
0.0312 -32411
0.0314 -26123
0.0316 -13356
0.0318 2796
0.032 18315
0.0322 29249
0.0324 32734
0.0326 27767
0.0328 15532
0.033 -844
0.0332 -17064
0.0334 -28777
0.0336 -32754
0.0338 -27808
0.034 -15186
0.0342 1703
0.0344 18185
0.0346 29593
0.0348 32611
0.035 26264
0.0352 12276
0.0354 -5357
0.0356 -21480
0.0358 -31275
0.036 -31727
0.0362 -22583
0.0364 -6515
0.0366 11616
0.0368 26215
0.037 32672
0.0372 28853
0.0374 15850
0.0376 -2279
0.0378 -19739
0.038 -30836
0.0382 -31852
0.0384 -22334
0.0386 -5333
0.0388 13521
0.039 27862
0.0392 32741
0.0394 26370
0.0396 10831
0.0398 -8546
0.04 -24982
0.0402 -32609
0.0404 -28600
0.0406 -14271
0.0408 5288
0.041 22979
0.0412 32260
0.0414 29592
0.0416 15843
0.0418 -3922
0.042 -22264
0.0422 -32150
0.0424 -29679
0.0426 -15680
0.0428 4494
0.043 22965
0.0432 32385
0.0434 28896
0.0436 13768
0.0438 -6987
0.044 -24956
0.0442 -32723
0.0444 -26968
0.0446 -9953
0.0448 11292
0.045 27830
0.0452 32571
0.0454 23366
0.0456 4049
0.0458 -17085
0.046 -30808
0.0462 -31001
0.0464 -17446
0.0466 3939
0.0468 23616
0.047 32664
0.0472 26857
0.0474 8717
0.0476 -13499
0.0478 -29506
0.048 -31757
0.0482 -19062
0.0484 2702
0.0486 23239
0.0488 32676
0.049 26350
0.0492 7192
0.0494 -15539
0.0496 -30679
0.0498 -30651
0.05 -15332
0.0502 7725
0.0504 26942
0.0506 32514
0.0508 21467
0.051 -658
0.0512 -22502
0.0514 -32676
0.0516 -25741
0.0518 -5207
0.052 18144
0.0522 31865
0.0524 28499
0.0526 9717
0.0528 -14396
0.053 -30695
0.0532 -30138
0.0534 -12892
0.0536 11578
0.0538 29622
0.054 31013
0.0542 14824
0.0544 -9858
0.0546 -28946
0.0548 -31378
0.055 -15604
0.0552 9315
0.0554 28826
0.0556 31361
0.0558 15278
0.056 -9968
0.0562 -29286
0.0564 -30957
0.0566 -13824
0.0568 11793
0.057 30225
0.0572 30024
0.0574 11169
0.0576 -14706
0.0578 -31402
0.058 -28297
0.0582 -7212
0.0584 18526
0.0586 32424
0.0588 25417
0.059 1893
0.0592 -22918
0.0594 -32742
0.0596 -20984
0.0598 4718
0.06 27330
0.0602 31665
0.0604 14666
0.0606 -12306
0.0608 -30953
0.061 -28442
0.0612 -6346
0.0614 20187
0.0616 32732
0.0618 22415
0.062 -3677
0.0622 -27225
0.0624 -31486
0.0626 -13281
0.0628 14489
0.063 31866
0.0632 26180
0.0634 1411
0.0636 -24439
0.0638 -32357
0.064 -16359
0.0642 11828
0.0644 31234
0.0646 27229
0.0648 2673
0.065 -23956
0.0652 -32383
0.0654 -16030
0.0656 12687
0.0658 31648
0.066 26054
0.0662 107
0.0664 -25971
0.0666 -31622
0.0668 -12234
0.067 16927
0.0672 32603
0.0674 22107
0.0676 -6257
0.0678 -29595
0.068 -28851
0.0682 -4478
0.0684 23622
0.0686 32243
0.0688 14100
0.069 -15839
0.0692 -32552
0.0694 -21878
0.0696 7324
0.0698 30350
0.07 27499
0.0702 1053
0.0704 -26343
0.0706 -30981
0.0708 -8686
0.071 21233
0.0712 32569
0.0714 15216
0.0716 -15637
0.0718 -32632
0.072 -20503
0.0722 10043
0.0724 31586
0.0726 24567
0.0728 -4800
0.073 -29829
0.0732 -27535
0.0734 131
0.0736 27718
0.0738 29586
0.074 3841
0.0742 -25544
0.0744 -30923
0.0746 -7071
0.0748 23530
0.075 31737
0.0752 9560
0.0754 -21844
0.0756 -32195
0.0758 -11331
0.076 20599
0.0762 32426
0.0764 12417
0.0766 -19867
0.0768 -32518
0.077 -12843
0.0772 19687
0.0774 32517
0.0776 12619
0.0778 -20066
0.078 -32422
0.0782 -11740
0.0784 20987
0.0786 32187
0.0788 10184
0.079 -22400
0.0792 -31723
0.0794 -7921
0.0796 24218
0.0798 30898
0.08 4922
0.0802 -26311
0.0804 -29547
0.0806 -1177
0.0808 28492
0.081 27476
0.0812 -3284
0.0814 -30514
0.0816 -24486
0.0818 8367
0.082 32060
0.0822 20393
0.0824 -13884
0.0826 -32759
0.0828 -15077
0.083 19525
0.0832 32198
0.0834 8519
0.0836 -24846
0.0838 -29973
0.084 -864
0.0842 29268
0.0844 25746
0.0846 -7525
0.0848 -32106
0.085 -19343
0.0852 16033
0.0854 32646
0.0856 10851
0.0858 -23787
0.086 -30256
0.0862 -724
0.0864 29704
0.0866 24554
0.0868 -10145
0.087 -32629
0.0872 -15590
0.0874 20429
0.0876 31546
0.0878 4025
0.088 -28472
0.0882 -25868
0.0884 8773
0.0886 32545
0.0888 15749
0.089 -20775
0.0892 -31239
0.0894 -2336
0.0896 29549
0.0898 23956
0.09 -12157
0.0902 -32764
0.0904 -11362
0.0906 24684
0.0908 28880
0.091 -4351
0.0912 -31954
0.0914 -17879
0.0916 19621
0.0918 31372
0.092 1769
0.0922 -30199
0.0924 -22107
0.0926 15438
0.0928 32382
0.093 5917
0.0932 -28531
0.0934 -24491
0.0936 12725
0.0938 32678
0.094 8088
0.0942 -27586
0.0944 -25424
0.0946 11751
0.0948 32720
0.095 8348
0.0952 -27652
0.0954 -25097
0.0956 12592
0.0958 32625
0.096 6705
0.0962 -28711
0.0964 -23438
0.0966 15183
0.0968 32163
0.097 3104
0.0972 -30434
0.0974 -20141
0.0976 19273
0.0978 30766
0.098 -2488
0.0982 -32134
0.0984 -14758
0.0986 24301
0.0988 27588
0.099 -9890
0.0992 -32732
0.0994 -6918
0.0996 29231
0.0998 21669
0.1 -18417
0.1002 -30803
0.1004 3317
0.1006 32433
0.1008 12291
0.101 -26593
0.1012 -24851
0.1014 14993
0.1016 31804
0.1018 -432
0.102 -32017
0.1022 -13936
0.1024 25845
0.1026 25302
0.1028 -14857
0.103 -31706
0.1032 1374
0.1034 32301
0.1036 12066
0.1038 -27352
0.104 -23198
0.1042 18037
0.1044 30378
0.1046 -6115
0.1048 -32766
0.105 -6442
0.1052 30341
0.1054 17793
0.1056 -23784
0.1058 -26472
0.106 14267
0.1062 31551
0.1064 -3214
0.1066 -32676
0.1068 -7929
0.107 30022
0.1072 17889
0.1074 -24185
0.1076 -25690
0.1078 16037
0.108 30716
0.1082 -6580
0.1084 -32724
0.1086 -3190
0.1088 31798
0.109 12387
0.1092 -28285
0.1094 -20303
0.1096 22711
0.1098 26448
0.11 -15695
0.1102 -30550
0.1104 7877
0.1106 32539
0.1108 144
0.111 -32513
0.1112 -7853
0.1114 30698
0.1116 14842
0.1118 -27398
0.112 -20822
0.1122 22962
0.1124 25618
0.1126 -17744
0.1128 -29158
0.113 12081
0.1132 31455
0.1134 -6269
0.1136 -32591
0.1138 555
0.114 32692
0.1142 4865
0.1144 -31915
0.1146 -9854
0.1148 30427
0.115 14322
0.1152 -28398
0.1154 -18223
0.1156 25989
0.1158 21545
0.116 -23343
0.1162 -24307
0.1164 20589
0.1166 26547
0.1168 -17834
0.117 -28318
0.1172 15165
0.1174 29679
0.1176 -12649
0.1178 -30695
0.118 10340
0.1182 31426
0.1184 -8276
0.1186 -31933
0.1188 6483
0.119 32268
0.1192 -4979
0.1194 -32478
0.1196 3775
0.1198 32601
0.12 -2878
0.1202 -32667
0.1204 2291
0.1206 32698
0.1208 -2016
0.121 -32706
0.1212 2053
0.1214 32693
0.1216 -2402
0.1218 -32656
0.122 3063
0.1222 32578
0.1224 -4033
0.1226 -32437
0.1228 5308
0.123 32201
0.1232 -6882
0.1234 -31830
0.1236 8741
0.1238 31275
0.124 -10866
0.1242 -30482
0.1244 13228
0.1246 29391
0.1248 -15785
0.125 -27938
0.1252 18482
0.1254 26061
0.1256 -21246
0.1258 -23702
0.126 23984
0.1262 20810
0.1264 -26586
0.1266 -17351
0.1268 28919
0.127 13314
0.1272 -30835
0.1274 -8717
0.1276 32170
0.1278 3616
0.128 -32754
0.1282 1888
0.1284 32421
0.1286 -7645
0.1288 -31020
0.129 13446
0.1292 28433
0.1294 -19032
0.1296 -24595
0.1298 24096
0.13 19508
0.1302 -28295
0.1304 -13269
0.1306 31274
0.1308 6079
0.131 -32691
0.1312 1745
0.1314 32256
0.1316 -9768
0.1318 -29770
0.132 17453
0.1322 25171
0.1324 -24185
0.1326 -18574
0.1328 29325
0.133 10301
0.1332 -32267
0.1334 -897
0.1336 32521
0.1338 -8884
0.134 -29795
0.1342 18123
0.1344 24076
0.1346 -25812
0.1348 -15695
0.135 30966
0.1352 5353
0.1354 -32766
0.1356 5893
0.1358 30702
0.136 -16715
0.1362 -24717
0.1364 25654
0.1366 15299
0.1368 -31324
0.137 -3513
0.1372 32647
0.1374 -9070
0.1376 -29093
0.1378 20551
0.138 20870
0.1382 -28975
0.1384 -9015
0.1386 32688
0.1388 -4657
0.139 -30702
0.1392 17779
0.1394 23003
0.1396 -27817
0.1398 -10711
0.14 32580
0.1402 -3980
0.1404 -30749
0.1406 18123
0.1408 22310
0.141 -28584
0.1412 -8749
0.1414 32754
0.1416 -7083
0.1418 -29279
0.142 21498
0.1422 18574
0.1424 -30804
0.1426 -2964
0.1428 32300
0.143 -13690
0.1432 -25157
0.1434 26883
0.1436 10909
0.1438 -32691
0.144 6705
0.1442 29027
0.1444 -22601
0.1446 -16523
0.1448 31788
0.145 -1337
0.1452 -31008
0.1454 19032
0.1456 20037
0.1458 -30637
0.146 -2119
0.1462 31862
0.1464 -16793
0.1466 -21795
0.1468 29914
0.147 3616
0.1472 -32103
0.1474 16170
0.1476 22040
0.1478 -29939
0.148 -3165
0.1482 31923
0.1484 -17232
0.1486 -20810
0.1488 30702
0.149 761
0.1492 -31177
0.1494 19861
0.1496 17924
0.1498 -31861
0.15 3595
0.1502 29391
0.1504 -23693
0.1506 -13054
0.1508 32718
0.151 -9772
0.1512 -25830
0.1514 28007
0.1516 5901
0.1518 -32201
0.152 17278
0.1522 19660
0.1524 -31586
0.1526 3509
0.1528 28967
0.153 -24996
0.1532 -10285
0.1534 32693
0.1536 -14411
0.1538 -21715
0.154 30987
0.1542 -2114
0.1544 -29321
0.1546 24900
0.1548 9831
0.155 -32601
0.1552 15944
0.1554 19897
0.1556 -31826
0.1558 5694
0.156 27193
0.1562 -27773
0.1564 -4486
0.1566 31426
0.1568 -21452
0.157 -13596
0.1572 32766
0.1574 -13884
0.1576 -21032
0.1578 31680
0.158 -5957
0.1582 -26547
0.1584 28777
0.1586 1650
0.1588 -30177
0.159 24687
0.1592 8491
0.1594 -32141
0.1596 19982
0.1598 14322
0.16 -32764
0.1602 15128
0.1604 19069
0.1606 -32403
0.1608 10477
0.161 22773
0.1612 -31406
0.1614 6269
0.1616 25549
0.1618 -30080
0.162 2652
0.1622 27546
0.1624 -28678
0.1626 -292
0.1628 28919
0.163 -27398
0.1632 -2533
0.1634 29809
0.1636 -26385
0.1638 -4065
0.164 30327
0.1642 -25736
0.1644 -4893
0.1646 30550
0.1648 -25507
0.165 -5024
0.1652 30512
0.1654 -25718
0.1656 -4457
0.1658 30209
0.166 -26350
0.1662 -3190
0.1664 29592
0.1666 -27350
0.1668 -1214
0.167 28573
0.1672 -28622
0.1674 1469
0.1676 27033
0.1678 -30022
0.168 4841
0.1682 24825
0.1684 -31356
0.1686 8840
0.1688 21792
0.169 -32373
0.1692 13348
0.1694 17793
0.1696 -32766
0.1698 18161
0.17 12729
0.1702 -32191
0.1704 22970
0.1706 6588
0.1708 -30288
0.171 27352
0.1712 -510
0.1714 -26732
0.1716 30772
0.1718 -8268
0.172 -21296
0.1722 32613
0.1724 -16170
0.1726 -13936
0.1728 32246
0.173 -23473
0.1732 -4885
0.1734 29135
0.1736 -29240
0.1738 5268
0.174 22979
0.1742 -32433
0.1744 15539
0.1746 13880
0.1748 -32086
0.175 24578
0.1752 2492
0.1754 -27539
0.1756 30814
0.1758 -9890
0.176 -18723
0.1762 32725
0.1764 -21380
0.1766 -6406
0.1768 29232
0.177 -29726
0.1772 7665
0.1774 20141
0.1776 -32764
0.1778 20870
0.178 6523
0.1782 -29036
0.1784 30124
0.1786 -9137
0.1788 -18468
0.179 32625
0.1792 -23210
0.1794 -2849
0.1796 26822
0.1798 -31685
0.18 14137
0.1802 13318
0.1804 -31399
0.1806 27586
0.1808 -4678
0.181 -21405
0.1812 32766
0.1814 -21767
0.1816 -3967
0.1818 26973
0.182 -31832
0.1822 15438
0.1824 11169
0.1826 -30344
0.1828 29551
0.183 -9457
0.1832 -16736
0.1834 32059
0.1836 -26746
0.1838 4351
0.184 20759
0.1842 -32691
0.1844 24046
0.1846 -387
0.1848 -23459
0.185 32747
0.1852 -21881
0.1854 -2336
0.1856 25078
0.1858 -32607
0.186 20519
0.1862 3804
0.1864 -25810
0.1866 32513
0.1868 -20099
0.187 -4025
0.1872 25754
0.1874 -32560
0.1876 20660
0.1878 3001
0.188 -24902
0.1882 32704
0.1884 -22149
0.1886 -724
0.1888 23140
0.189 -32755
0.1892 24412
0.1894 -2804
0.1896 -20264
0.1898 32379
0.19 -27158
0.1902 7525
0.1904 16030
0.1906 -31113
0.1908 29931
0.191 -13239
0.1912 -10227
0.1914 28396
0.1916 -32072
0.1918 19525
0.192 2796
0.1922 -23662
0.1924 32734
0.1926 -25646
0.1928 6018
0.193 16484
0.1932 -30954
0.1934 30514
0.1936 -15510
0.1938 -6805
0.194 25853
0.1942 -32745
0.1944 24392
0.1946 -4796
0.1948 -16944
0.195 30898
0.1952 -30821
0.1954 16881
0.1956 4559
0.1958 -23914
0.196 32670
0.1962 -27098
0.1964 9760
0.1966 11740
0.1968 -28140
0.197 32506
0.1972 -23108
0.1974 4033
0.1976 16665
0.1978 -30397
0.198 31583
0.1982 -19867
0.1984 131
0.1986 19594
0.1988 -31425
0.199 30745
0.1992 -17951
0.1994 -1823
0.1996 20826
0.1998 -31737
